657
663
853
980
622
662
415
656
691
380
661
483
690
519
621
450
296
451
660
351
432
482
433
479
938
398
397
571
688
453
689
448
852
375
478
399
620
476
414
939
979
452
387
355
707
965
966
570
976
396
468
582
477
331
374
978
672
977
335
964
811
312
354
386
434
496
373
518
481
937
334
460
454
404
569
706
936
967
350
810
930
928
357
929
583
406
455
333
353
372
413
405
358
385
673
480
435
469
517
497
568
330
705
359
809
332
407
461
352
356
674
329
931
408
349
384
484
704
578
462
498
463
808
409
470
516
471
348
323
514
322
513
579
342
675
636
91
271
343
242
499
328
466
465
319
464
57
669
515
412
250
317
637
318
78
601
77
365
215
364
270
249
316
340
223
269
61
276
410
436
241
602
959
26
51
638
341
60
991
485
222
724
899
4
206
268
647
221
841
725
220
214
50
25
907
411
958
17
898
801
211
240
248
879
764
195
906
562
990
547
24
989
670
646
988
957
865
14
994
213
228
905
751
878
800
897
687
840
561
205
771
210
546
645
634
586
877
864
595
750
956
486
993
585
21
552
896
16
770
194
208
719
643
212
545
686
560
13
209
904
665
749
542
876
487
633
630
493
819
644
642
541
992
12
594
544
671
718
193
629
769
20
748
177
632
795
584
204
685
192
664
492
540
818
805
768
36
593
794
684
717
553
784
176
927
915
548
628
914
37
926